crystaline_rock_1,4000,2500,0.2,2700
crystaline_rock_2,6500,3500,0.3,2700
fractured_rock_1,1600,1000,0.2,2500
fractured_rock_2,3000,1500,0.3,2500
soft_rock_0,800,500,0.2,2400
soft_rock_1,2000,1000,0.3,2400
gravel_0,650,400,0.2,2000
gravel_1,1500,800,0.3,2000
sand_0,350,200,0.2,1800
sand_1,7500,400,0.3,1800
lime_0,250,150,0.15,2700
lime_1,500,300,0.25,2700
soft_clay_0,80,50,0.15,1900
soft_clay_1,200,100,0.25,1900
try_material,9.487690270380176,5.81,0.2,2200
try_material_1,30,20,0.1,2200
try_material_2,30,20,0.1,2200
try_material_3,15,10,0.1,2200